1395
1396
1401
1402
1403
1404
1405
1466
1406
1407
1408
1409
1411
1412
1413
1414
1415
1416
1417
1418
1419
1420
1421
1422
1423
1483
1424
1425
1426
1427
1428
1430
1431
1432
1433
1434
1435
1436
1496
1438
1439
1440
1441
1442
1443
1444
1509
1447
1448
1511
1512
1513
1514
1515
1516
1517
1518
1519
1520
1521
1522
1524
1525
1526
1527
1528
1529
1530
1531
1532
1533
1534
1535
1536
1538
1539
1540
1542
1543
1544
1546
1547
1548
1549
1550
1551
1552
1553
1555
1557
1611
1612
1560
1561
1615
1622
1623
1624
1625
1626
1627
1636
1628
1630
1655
1656
1632
1637
1638
1639
1658
1640
1641
1642
1661
1643
1644
1645
1646
1647
1648
1649
1664
1667
1669
1671
1672
1673
1675
1676
1679
1681
1682
1683
1684
1685
1686
1702
1703
1706
1707
1708
1723
1724
1725
1726
1727
1778
1730
1731
1784
1803
1733
1734
1735
1736
1737
1739
1740
1741
1742
1809
1743
1808
1738
1745
1746
1747
1748
1751
1750
1752
1754
1756
1757
1759
1760
1761
1762
1763
1764
1765
1767
1768
1770
1824
1772
1825
1915
1916
1862
1863
1864
1865
1867
1868
1869
1871
1872
1873
1874
1875
1876
1877
1880
1881
1882
1883
1923
1884
1885
1886
1888
1889
1890
1924
1891
1893
1894
1895
1896
1897
1899
1900
1927
1901
1929
1902
1903
1906
1908
1911
1955
1912
1956
2010
1957
1958
1959
1960
1961
1963
1962
1965
2013
1966
1967
1968
1969
1970
1971
1972
1973
1974
1975
1976
1979
1980
1981
1982
1984
1985
1986
1987
1990
1991
1992
1993
1995
1997
1998
1999
2001
2002
2005
2006
2051
2052
2053
2054
2055
2057
2058
2059
2060
2061
2063
2064
2065
2066
2067
2068
2069
2070
2071
2072
2073
2074
2075
2076
1386
1393
1456
1457
1458
1459
1460
1468
1461
1469
1473
1474
1477
1479
1480
1481
1482
1486
1487
1498
1497
1499
1500
1501
1502
1566
1567
1568
1569
1570
1571
1578
1579
1580
1581
1587
1588
1589
1590
1591
1592
1593
1594
1604
1596
1597
1598
1599
1606
1607
1616
1617
1618
1619
1620
1650
1651
1652
1653
1659
1660
1687
1688
1693
1695
1698
1710
1711
1712
1719
1721
1722
1775
1776
1779
1782
1805
1783
1786
1787
1802
1788
1789
1790
1791
1792
1793
1794
1795
1796
1797
1798
1799
1800
1818
1801
1834
1835
1836
1837
1838
1843
1841
1842
1844
1845
1846
1847
1848
1849
1850
1851
1852
1853
1854
1855
1856
1857
1858
1859
1930
1931
1932
1933
1934
1935
1936
1937
1938
1940
1939
1941
1942
1943
1944
1945
1946
1947
1948
1949
1950
1951
1952
1953
2023
2025
2026
2027
2028
2029
2030
2031
2032
2115
2033
2034
2035
1398
1573
1634
1696
1807
1921
1926
2050
2105
