3767
3676
3760
3761
3762
3763
3764
3765
3781
3783
3786
3788
3772
3780
3782
3784
3787
3777
3779
3791
3792
3793
3803
3805
3796
3797
3798
3809
3799
3813
3811
3812
3814
3816
3827
3828
3830
3818
3831
3832
3833
3846
3847
3829
3834
3841
3844
3848
3850
3851
3855
3856
3857
3858
3859
3864
3860
3861
3865
3867
3868
3869
3866
3870
3871
3872
3873
3879
3874
3877
3878
3880
3896
3897
3883
3898
3900
3890
3899
3903
3913
3914
3916
3919
3920
3888
3921
3925
3926
3931
3933
3922
3932
3935
3936
3940
3943
3944
3945
3939
3941
3942
3953
3954
3957
3955
3949
3950
3956
3960
3961
3958
3959
3967
3938
3963
3968
3969
3970
3973
3971
3972
3974
3976
3977
3982
3975
3978
3979
3981
3980
3993
3994
3997
3998
3999
3995
3918
3996
4000
4001
4005
4002
4006
4007
4014
4021
4022
4023
4024
4025
4041
4026
4038
4042
4032
4033
4035
4036
4037
4039
4027
4046
4045
4051
4055
4052
4053
4054
4057
4058
4048
4056
4059
4060
4077
4066
4071
4074
4076
4079
4080
4084
4070
4064
4065
4082
4083
4086
4087
4088
4095
4100
4096
4097
4099
4101
4104
4105
4115
4122
4123
4124
4103
4121
4125
4126
4127
4128
4131
4132
4137
4136
4138
4139
4140
4152
4153
4141
4145
4149
4150
4151
4161
4154
4142
4146
4165
4166
4173
4174
4188
4179
4189
4191
4143
4176
4180
4182
4192
4211
4213
4177
4178
4181
4194
4195
4183
4184
4196
4197
4198
4199
4214
4215
4216
4217
4218
4175
4219
4220
4221
4222
4224
4225
4226
4223
4229
4231
4228
4230
4227
4232
4233
4234
4245
4246
4241
4244
4243
4247
4248
4255
4253
4254
4256
4257
4258
4263
4264
4265
4266
4267
4268
4279
4280
4278
4272
4282
4281
4293
4292
4262
4269
4270
4273
4275
4294
4295
4296
4298
4300
4299
4297
4301
4306
4307
4308
4310
4309
4311
4312
4284
4314
4315
4316
4318
4319
4317
4328
4329
4332
4335
4338
4333
4334
4336
4337
4339
4352
4353
4344
4350
4351
4354
4356
4362
4364
4366
4372
4361
4367
4369
4355
4363
4365
4368
4370
4371
4373
4374
4375
4376
4377
4383
4384
4385
4402
4399
4400
4401
4406
4407
4410
4409
4404
4419
4405
4411
4416
4421
4425
4426
4427
4428
4429
4424
4438
4439
4422
4444
4380
4381
4382
4430
4440
4442
4445
4448
4449
4450
4451
4452
4441
4443
4455
4471
4436
4447
4470
4464
4469
4467
4474
4475
4478
4479
4480
4473
4477
4488
4460
4462
4472
4482
4484
4481
4487
4498
4499
4500
4501
4502
4489
4496
4506
4504
4505
4507
4508
4503
4509
4510
4511
4512
4513
4520
4521
4522
4523
4526
4529
4531
4532
4524
4525
4527
4528
4533
4545
4535
4542
4543
4546
4544
4557
4537
4547
4548
4553
4556
4558
4559
4560
4555
4562
4563
4566
4564
4561
4565
4575
4580
4581
4582
4585
4586
4589
4584
4587
4588
4596
4597
4599
4605
4607
4598
4592
4606
4609
4610
4611
4614
4615
4613
4617
4620
4616
4619
4629
4630
4634
4635
4627
4636
4631
4645
4647
4648
4649
4650
4651
4652
4653
4625
4637
4638
4656
4618
4654
4655
4658
4659
4661
4663
4657
4666
4665
4683
4684
4680
4681
4686
4687
4689
4662
4690
4693
4694
4696
4697
4698
4699
4682
4701
4702
4704
4705
4706
4707
4708
4710
4711
4712
4703
4709
4722
4728
4730
4724
4725
4726
4727
4729
4731
4736
4738
4739
4734
4735
4737
4744
4745
4746
4747
4755
4752
4750
4751
4753
4732
4763
4764
4766
4767
4768
4769
4775
4772
4774
4776
4771
4777
4778
4779
4780
4787
4788
4789
4790
4791
4792
4796
4797
4799
4794
4795
4798
4801
4800
4811
4812
4802
4803
4807
4804
4805
4806
4808
4809
4813
4822
4823
4825
4826
4827
4828
4821
4824
4829
4830
4834
4835
4836
4837
4838
4839
4765
4831
4833
4841
4842
4840
4832
4843
4848
4849
4851
4852
4853
4854
4856
4865
4867
4868
4869
4870
4871
4862
4866
4876
4878
4879
4880
4881
4890
4891
4893
4872
4885
4897
4896
4884
4887
4894
4895
4899
4903
4904
4873
4883
4898
4900
4901
4902
4905
4924
4925
4911
4914
4921
4916
4874
4906
4922
4926
4915
4920
4930
4931
4938
4939
4947
4949
4907
4935
4942
4948
4953
4954
4955
4959
4960
4961
4956
4957
4958
4963
4964
4965
4973
4968
4975
4976
4977
4979
4981
4978
4982
4984
4987
4998
5007
5018
5022
5023
5024
4988
5005
5006
5013
5014
5026
5027
5029
5031
5033
5028
5034
5035
5032
5025
5039
5038
5040
5041
5052
5063
5065
5043
5044
5053
5064
5054
5058
5066
5067
5071
5068
5073
5072
5075
5074
5070
5076
5084
5086
5085
5087
5088
5081
5090
5091
5099
5097
5101
5103
5102
5104
5105
5106
5107
5100
5112
5080
5109
5111
5113
5117
5116
5118
5119
5120
5121
5110
5123
5124
5122
5139
5142
5144
5145
5147
5148
5135
5138
5149
5155
5137
5140
5141
5143
5152
5154
5164
5159
5161
5163
5160
5165
5166
5167
5168
5174
5172
5173
5180
5169
5187
5194
5190
5191
5192
5196
5198
5162
5188
5189
5193
5195
5203
5199
5201
5202
5204
5205
5206
5207
5212
5213
5214
5215
5216
5217
5223
5225
5227
5221
5222
5224
5226
5230
5231
5232
5233
5234
5235
5229
5236
5237
5238
5239
5240
5260
5241
5247
5248
5259
5261
5242
5243
5244
5246
5263
5264
5265
5266
5267
5270
5271
5272
5277
5275
5278
5280
5281
5273
5279
5283
5284
5288
5289
5274
5287
5290
5291
5292
5296
5293
5294
5302
5303
5304
5305
5306
5307
5308
5309
5310
5311
5295
5312
5313
5314
5315
5282
5316
5320
5322
5323
5324
5325
5326
5327
5328
5329
5334
5335
5336
5332
5333
5338
5340
5341
5342
5343
5344
5345
5346
5348
5362
5364
5349
5352
5354
5355
5363
5365
5366
5367
5371
5372
5369
5373
5388
5385
5386
5387
5389
5391
5382
5383
5384
5396
5397
5394
5395
5398
5399
5401
5408
5406
5407
5409
5417
5418
5419
5420
5426
5421
5423
5424
5428
5429
5430
5431
5405
5422
5425
5427
5432
5437
5438
5439
5440
5441
5443
5435
5436
5450
5446
5447
5451
5452
5444
5433
5445
5453
5456
5466
5467
5468
5471
5472
5434
5477
5475
5457
5473
5478
5479
5480
5481
5501
5493
5494
5495
5458
5469
5492
5496
5497
5500
5502
5503
5517
5520
5521
5498
5499
5519
5527
5470
5508
5518
5524
5525
5526
5528
5546
5545
5544
5541
5543
5549
5553
5555
5554
5542
5558
5559
5565
5566
5569
5567
5568
5539
5564
5570
5573
5574
5581
5540
5571
5578
5579
5582
5580
5585
5589
5592
5588
5591
5596
5594
5593
5595
5601
5599
5600
5603
5598
5602
5604
5615
5607
5610
5614
5616
5629
5628
5626
5630
5632
5633
5637
5638
5640
5627
5631
5634
5635
5639
5641
5645
5646
5647
5648
5649
5657
5661
5662
5667
5668
5669
5670
5671
5672
5673
5679
5675
5676
5653
5655
5677
5678
5680
5681
5682
5683
5691
5654
5685
5686
5688
5689
5692
5693
5690
5698
5699
5700
5701
5702
5703
5708
5707
5709
5711
5724
5713
5714
5715
5716
5718
5723
5725
5726
5729
5730
5735
5734
5737
5739
5742
5743
5744
5745
5746
5755
5749
5750
5751
5752
5747
5753
5754
5757
5758
5759
5748
5756
5761
5762
5763
5764
5780
5787
5779
5781
5782
5783
5784
5789
5791
5775
5777
5790
5792
5793
5794
5799
5796
5776
5797
5798
5800
5802
5803
5812
5813
5815
5816
5819
5817
5818
5820
5821
5826
5833
5835
5836
5814
5827
5829
5830
5831
5832
5834
5840
5855
5849
5852
5861
5862
5854
5851
5853
5859
5860
5873
5863
5868
5869
5872
5874
5875
5879
5876
5877
5878
5881
5882
5883
5880
5885
5886
5891
5892
5884
5887
5888
5890
5901
5900
5894
5896
5897
5902
5911
5914
5910
5895
5898
5912
5913
5919
5920
5921
5926
5924
5925
5927
5933
5929
5930
5922
5931
5932
5937
5944
5938
5939
5948
5923
5940
5942
5949
5950
5951
5952
5953
5954
5941
5943
5956
5957
5958
5959
5961
5967
5962
5963
5964
5968
5969
5970
5971
5972
5978
5974
5973
5975
5977
5985
5986
5991
5993
5994
5995
6004
6009
6010
6015
5998
6006
6007
6008
6011
6013
6012
6020
6017
6024
6025
6026
6027
6039
5997
6019
6028
6029
6030
6031
6033
6034
6035
6036
6032
6050
6041
6049
6043
6044
6046
6047
6048
6051
6052
6053
6056
6057
6059
6064
6065
6066
6055
6058
6060
6061
6062
6063
6081
6083
6068
6070
6072
6074
6082
6037
6080
6084
6088
6092
6095
6097
6096
6102
6103
6104
6106
6113
6100
6101
6105
6098
6099
6107
6111
6137
6108
6109
6110
6136
6127
6122
6123
6124
6126
6128
6129
6130
6131
6143
6144
6139
6140
6141
6142
6145
6155
6160
6157
6162
6148
6149
6150
6151
6158
6159
6161
6163
6164
6165
6178
6038
6170
6175
6176
6177
6182
6179
6181
6183
6180
6184
6190
6191
6192
6193
6194
6195
6196
6197
6198
6199
6200
6201
6202
6203
6208
6215
6217
6206
6214
6216
6218
6219
6220
6230
6233
6234
6229
6231
6232
6240
6236
6239
6241
6242
6237
6238
6249
6248
6250
6244
6245
6247
6251
6252
6260
6261
6262
6263
6264
6265
6266
6274
6267
6273
6277
6279
6282
6283
6280
6281
6285
6278
6284
6288
6286
6287
6289
6290
6300
6297
6299
6301
6302
6292
6298
6305
6312
6313
6309
6310
6311
6303
6308
6314
6322
6333
6338
6328
6329
6334
6337
6341
6343
6340
6339
6344
6347
6342
6327
6331
6335
6345
6346
6348
6349
6350
6353
6354
6355
6332
6336
6356
6366
6368
6369
6371
6304
6367
6370
6372
6374
6375
6373
6377
6384
6385
6376
6386
6387
6388
6397
6394
6395
6399
6400
6391
6392
6393
6401
6406
6407
6416
6418
6417
6409
6429
6423
6426
6412
6419
6420
6422
6424
6431
6432
6433
6435
6436
6413
6425
6434
6437
6438
6439
6453
6440
6442
6452
6454
6455
6450
6459
6456
6467
6464
6466
6470
6451
6465
6468
6469
6471
6472
6486
6474
6487
6475
6482
6485
6509
6510
6511
6502
6503
6507
6499
6505
6512
6508
6516
6515
6501
6514
6517
6518
6519
6520
6523
6521
6522
6524
6532
6533
6535
6531
6534
6528
6530
6536
6527
6540
6541
6542
6544
6546
6548
6549
6547
6545
6551
6567
6569
6570
6572
6553
6556
6571
6564
6568
6573
6579
6576
6577
6578
6580
6581
6582
6594
6625
6626
6584
6598
6627
6628
6589
6593
6595
6596
6597
6599
6600
6601
6602
6603
6604
6605
6606
6607
6608
6609
6610
6611
6612
6613
6614
6615
6616
6617
6618
6619
6620
6621
6622
6623
6624
6631
6633
6635
6637
6629
6630
6632
6634
6640
6639
6638
6641
6715
6719
6714
6717
6720
6716
6718
6722
6721
6731
6729
6730
6733
6723
6724
6725
6726
6727
6728
6732
6734
6675
6676
6677
6678
6679
6680
6681
6682
6683
6684
6685
6686
6687
6688
6689
6690
6691
6692
6693
6694
6695
6696
6697
6700
6701
6702
6703
6737
6738
6752
6753
6746
6751
6704
6705
6706
6707
6750
6754
6755
6757
6758
6761
6756
6759
6760
6762
6763
6764
6772
6773
6787
6778
6784
6785
6786
6791
6765
6766
6767
6768
6771
6783
6792
6793
6799
6796
6798
6800
6802
6801
6807
6803
6797
6808
6814
6812
6813
6816
6817
6819
6826
6830
6833
6834
6835
6815
6829
6831
6832
6840
6842
6843
6841
6847
6846
6844
6845
6853
6851
6856
6852
6855
6854
6858
6861
6865
6866
6863
6864
6867
3642
3757
3770
3771
3776
3778
3794
3795
3801
3806
3807
3800
3808
3810
3802
3824
3825
3823
3837
3840
3842
3835
3836
3843
3845
3854
3875
3876
3885
3889
3881
3882
3884
3886
3887
3892
3891
3894
3895
3905
3906
3907
3908
3909
3910
3911
3912
3923
3924
3927
3928
3929
3930
3946
3947
3948
3951
3952
3983
3984
3985
3986
3987
3988
3989
3990
3991
3992
3789
4008
4009
4010
4013
4011
4012
4028
4029
4034
4030
4047
4049
4050
4043
4044
4061
4062
4063
4073
4075
4089
4091
4092
4093
4094
4106
4107
4108
4109
4111
4112
4113
4114
4133
4134
4135
4156
4157
4144
4160
4158
4159
4162
4163
4167
4168
4169
4171
4172
4200
4201
4202
4203
4204
4205
4207
4208
4209
4210
4240
4235
4236
4237
4238
4239
4242
4274
4283
4259
4260
4261
4285
4286
4287
4288
4289
4290
4291
4302
4303
4304
4305
4320
4321
4322
4323
4324
4325
4326
4327
4330
4331
4340
4341
4342
4343
4345
4347
4348
4358
4357
4359
4360
4378
4379
4346
4386
4388
4389
4390
4391
4392
4393
4394
4395
4396
4397
4412
4413
4414
4415
4417
4418
4420
4431
4432
4433
4434
4437
4446
4454
4456
4457
4458
4459
4461
4463
4465
4453
4490
4491
4492
4493
4494
4495
4497
4519
4515
4516
4517
4518
4514
4534
4539
4540
4538
4536
4541
4549
4550
4551
4552
4554
4567
4568
4569
4571
4572
4573
4574
4576
4577
4570
4583
4594
4595
4600
4601
4602
4603
4604
4621
4622
4623
4624
4642
4639
4640
4641
4643
4667
4668
4669
4670
4671
4672
4674
4675
4676
4678
4679
4691
4692
4700
4695
4713
4714
4715
4716
4717
4718
4719
4740
4741
4742
4743
4756
4757
4758
4760
4761
4762
4783
4784
4785
4786
4816
4817
4818
4819
4820
4844
4845
4846
4847
4858
4859
4860
4861
4863
4864
4857
4882
4886
4888
4889
4892
4908
4910
4912
4913
4917
4919
4918
4932
4933
4934
4941
4950
4951
4952
4937
4962
4966
4967
4970
4971
4972
4989
4990
4991
4992
4993
4994
4995
4996
4997
4999
5000
5001
5002
5003
5004
5015
5016
5017
5020
5021
5009
5010
5011
5012
5042
5047
5048
5049
5045
5051
5046
5050
5055
5056
5060
5061
5062
5059
5057
5089
5096
5093
5094
5095
5079
5092
5125
5126
5127
5128
5129
5130
5131
5134
5132
5133
5150
5151
5156
5176
5177
5178
5179
5181
5182
5183
5184
5186
5211
5208
5209
5210
5218
5219
5220
5249
5250
5251
5252
5253
5254
5255
5256
5257
5286
5297
5298
5299
5300
5301
5317
5318
5319
5337
5339
5350
5351
5353
5356
5357
5358
5359
5360
5361
5380
5381
5377
5378
5379
5402
5403
5392
5393
5400
5404
5414
5415
5416
5410
5413
5461
5462
5463
5459
5448
5449
5454
5455
5460
5464
5465
5482
5483
5485
5486
5487
5488
5489
5490
5491
5484
5510
5504
5505
5511
5512
5513
5514
5515
5516
5522
5523
5530
5532
5533
5534
5535
5536
5537
5538
5529
5531
5550
5551
5552
5548
5547
5563
5576
5577
5562
5583
5605
5608
5609
5611
5612
5613
5624
5606
5617
5618
5620
5621
5622
5623
5625
5642
5643
5644
5650
5651
5652
5656
5658
5659
5660
5663
5664
5665
5694
5695
5696
5697
5704
5705
5706
5710
5712
5719
5721
5722
5738
5740
5741
5732
5727
5728
5731
5733
5760
5765
5766
5767
5768
5769
5770
5771
5773
5774
5772
5809
5810
5811
5778
5804
5805
5806
5837
5838
5822
5823
5824
5825
5828
5846
5847
5848
5841
5842
5843
5865
5866
5867
5850
5857
5864
5899
5905
5906
5907
5908
5909
5915
5916
5935
5928
5903
5904
5934
5936
5945
5946
5947
5965
5966
5979
5980
5983
5984
5988
5987
5989
6002
6003
5981
5982
5999
6016
6018
6021
6022
6023
5976
6042
6045
6067
6069
6071
6073
6075
6076
6077
6078
6079
6087
6085
6086
6089
6090
6093
6094
6121
6112
6114
6115
6116
6117
6118
6119
6125
6132
6133
6134
6120
6138
6146
6147
6152
6153
6154
6172
6173
6174
6169
6166
6167
6168
6171
6188
6189
6185
6187
6204
6207
6209
6212
6211
6210
6226
6227
6228
6221
6222
6223
6224
6253
6246
6255
6256
6257
6259
6258
6254
6268
6269
6270
6272
6275
6276
6291
6293
6294
6295
6296
6319
6320
6307
6315
6316
6317
6318
6321
6323
6324
6325
6326
6330
6363
6357
6358
6360
6362
6364
6365
6382
6389
6351
6352
6378
6379
6381
6380
6390
6398
6411
6405
6414
6403
6427
6428
6430
6421
6443
6444
6445
6446
6447
6448
6449
6460
6461
6462
6457
6458
6463
6478
6479
6473
6476
6477
6480
6481
6496
6497
6498
6488
6491
6492
6493
6494
6495
6525
6526
6537
6538
6539
6559
6560
6561
6529
6554
6555
6562
6552
6563
6574
6575
6590
6591
6592
6583
6585
6586
6587
6588
6642
6643
6644
6645
6646
6647
6648
6649
6650
6651
6652
6653
6654
6655
6656
6657
6658
6659
6660
6661
6662
6663
6664
6665
6666
6667
6668
6669
6670
6671
6672
6673
6674
6711
6712
6708
6741
6742
6743
6744
6745
6747
6748
6749
6735
6736
6739
6788
6775
6776
6777
6779
6780
6781
6782
6789
6790
6794
6811
6804
6809
6805
6827
6828
6820
6822
6823
6824
6825
6836
6837
6838
6859
6848
6850
6860
3768
4276
4271
4277
4781
4759
4782
5036
5037
5368
5370
5858
5870
5871
5996
5992
6506
6513
6504
6565
6543
